000000014439
                       low(0~0.2)         high(0.2~0.75)      high(0.75~1)
original_bbox_percent  0.7967377666248432 0.19573400250941028 0.0075282308657465494
nms_bbox_percent       0.63               0.31                0.06
nms_bbox_decreased     0.9503937007874016 0.9006410256410257  0.5

000000018380

		       0.631379164909321  0.3597638127372417  0.008857022353437369
		       0.03               0.93                0.04
		       0.9979959919839679 0.8909730363423212  0.8095238095238095

000000282298

		       0.7687074829931972 0.22572665429808286 0.0055658627087198514
		       0.45               0.53                0.02
		       0.9637972646822204 0.8547945205479452  0.7777777777777778

000000217753

		       0.8259991925716592 0.1703673798950343  0.0036334275333064193
		       0.43               0.56                0.01
		       0.9789833822091887 0.8672985781990521  0.8888888888888888

000000489842

		       0.8156236875262495 0.18143637127257456 0.0029399412011759767
		       0.59               0.39                0.02
		       0.9696189495365602 0.9097222222222222  0.7142857142857143

000000194875

		       0.7695511337343822 0.22859787135585377 0.0018509949097639982
		       0.3                0.68                0.02
		       0.9819603126879134 0.8623481781376519  0.5